0 0.465625 0.59537 0.0458333 0.159259
0 0.384115 0.60463 0.0432292 0.157407
0 0.304688 0.61713 0.046875 0.171296
7 0.70026 0.741667 0.0609375 0.103704
4 0.786458 0.547222 0.05625 0.0907407
2 0.353906 0.82963 0.0807292 0.142593
3 0.470833 0.819444 0.084375 0.148148
1 0.561198 0.589815 0.0640625 0.155556
4 0.786458 0.452778 0.0572917 0.103704
1 0.645833 0.58287 0.065625 0.158333

line_1_light_1_func: 4
line_2_light_1_func: 4
line_3_light_1_func: 7
line_1_switch_1_func: 2
line_1_switch_2_func: 3
line_1_strap_1_func: 0
line_1_strap_2_func: 0
line_1_strap_3_func: 0
line_1_strap_4_func: 1
line_1_strap_5_func: 1
