0 0.258854 0.435648 0.0364583 0.110185
7 0.0604167 0.445833 0.0479167 0.0824074
1 0.425 0.632407 0.0489583 0.114815
0 0.260677 0.5875 0.0359375 0.108333
0 0.313281 0.450926 0.0390625 0.116667
1 0.479427 0.647685 0.0442708 0.113889
1 0.530729 0.666667 0.0458333 0.12037
0 0.363281 0.620833 0.0338542 0.10463
4 0.690104 0.708333 0.0416667 0.0722222
0 0.311979 0.603704 0.0364583 0.109259
0 0.580469 0.683333 0.0328125 0.111111
7 0.693229 0.635185 0.0447917 0.0796296
2 0.548698 0.831481 0.0567708 0.111111
2 0.394531 0.782407 0.0567708 0.112963
3 0.471094 0.803704 0.0578125 0.12037

line_1_light_1_func: 7
line_2_light_1_func: 7
line_3_light_1_func: 4
line_1_switch_1_func: 2
line_1_switch_2_func: 3
line_1_switch_3_func: 2
line_1_strap_1_func: 0
line_1_strap_2_func: 0
line_2_strap_1_func: 0
line_2_strap_2_func: 0
line_2_strap_3_func: 0
line_2_strap_4_func: 1
line_2_strap_5_func: 1
line_2_strap_6_func: 1
line_2_strap_7_func: 0
